execution_time_seconds = 6491.523480
execution_time_minutes = 108.192058
