execution_time_seconds = 7475.327492
execution_time_minutes = 124.588792
