execution_time_seconds = 185.126781
execution_time_minutes = 3.085446
