execution_time_seconds = 208.066811
execution_time_minutes = 3.467780
